 1   262   309  -387  -387     1    40 "PointRob"
 2   253   267   201   201     1    40 "Admiralty"
 3  -307  -307   245   246     1    40 "Deception"
 4   178   178   235   302     1    40 "VicSill"
 5   264   267  -281  -281     1    40 "SJCSouth"
 6   218   243  -301  -301     1    40 "HaroSouth"
 7   217   220  -387  -387     1    40 "Gulf"
 7   236   253  -387  -387     1    40 "Gulf"
 8   218   243   302   302     1    40 "HaroNorth"
 9   260   268   282   282     1    40 "SJCNorth"
10     1   398     1   898     0     0 "Surface"